function [h] = h_fuel(T)

A = exp(3090/T);
h = 287.15 * (-149.054 + 4.47659*T + 4.00997e-3*(T^2) - 6.12432e-7*(T^3));

end