function F = ht5(x)

R = 287.15;
ht5_mix = 1.064203099598300e+06;
F(1) = R*(3.5*x - 1.4e-5*(x^2) + 7.467e-9*(x^3) + 3090/(exp(3090/x) - 1)) - ht5_mix;

end